0.000000 0.000000 0.000000
101.181604 107.045289 5.044169
121.161355 132.521094 18.576012
117.575351 104.289644 32.759717
117.128172 155.133202 49.615858
92.322258 136.560615 49.347670
92.364087 136.779329 49.423795
74.442726 136.170861 62.727547
71.027282 107.660105 63.506592
102.372396 82.820341 48.498744
154.704988 78.887710 67.377602
40.290735 96.083508 41.933272
55.232520 145.416662 79.708537
54.004732 102.249359 76.936998
28.106786 102.821861 126.355428
20.115274 79.838259 109.745639
0.113573 70.252174 115.055349
20.947584 55.797088 78.780933
3.883546 62.666300 119.254172
110.617165 8.277910 96.252487
25.529515 2.059487 24.754980
78.953736 1.965764 81.247462
96.945217 22.179814 161.046783
10.728001 26.299304 47.212187
29.809414 48.253814 109.271406
35.521861 54.710867 167.084211
30.355943 58.057840 175.602445
59.178524 33.961207 111.431540
45.097959 26.453332 106.112750
66.153285 35.123020 156.566164
58.526564 39.377154 171.747442
44.018681 12.346995 87.247063
63.190051 19.076795 134.991075
54.449689 6.413625 151.801514
24.942104 6.990935 78.224659
42.005906 4.307086 185.701253
24.344250 37.724455 151.979992
36.626750 13.691031 165.543939
31.301301 1.869365 190.787938
15.451610 18.645008 136.892074
-100.607191 116.890029 25.948153
-100.553260 116.959741 25.960859
-116.557734 139.099446 36.990081
-143.090061 128.518810 51.524827
-125.520417 124.116250 48.173331
-92.815021 64.291314 26.500749
-129.266773 96.768512 82.231051
-103.719461 155.827883 43.296146
-110.159382 134.671835 47.028749
-107.942559 116.044132 51.877045
-62.376801 122.027699 50.868957
-88.190582 140.840989 64.133122
-85.559887 139.655145 80.878837
-101.044951 21.893937 60.768047
-132.277479 69.802710 101.804786
-144.006793 13.237201 131.729855
-80.497632 6.430425 74.652469
-87.382468 65.886551 80.443472
-101.621847 41.372786 111.744865
-66.792071 27.524121 107.097585
-88.388464 35.837678 147.524709
-74.429116 128.226367 82.886443
-58.360328 142.593784 96.256078
-50.327148 139.161239 95.472641
-10.983278 45.053951 30.422844
-36.338714 102.430224 88.876416
-41.390468 108.896254 121.000948
-29.708282 67.229449 104.386539
-18.100602 81.715784 146.957509
-28.604279 25.225134 50.033676
-36.756828 6.487766 83.235394
-76.655303 56.090907 173.090793
-33.138168 22.599104 110.432539
-33.310174 22.776394 111.065323
-40.419090 8.007824 138.888197
-21.383473 48.922107 104.520151
-38.946628 46.747683 130.610369
-45.379125 48.659022 150.371813
-30.517887 37.760516 120.572795
-21.165874 69.415948 172.648651
-16.620547 57.538049 150.414087
-27.839887 28.994196 115.382190
-26.032699 27.111876 107.886801
-10.229580 0.547148 51.235410
-31.737425 20.844789 152.743252
-14.043823 25.273218 168.544529
-0.581431 12.882381 92.946978
-4.402084 12.100993 124.117464
-98.948238 -107.589527 8.092506
-130.768739 -136.461995 18.651828
-104.152956 -76.327803 20.193716
-137.923366 -121.381065 45.282396
-90.947914 -147.255845 40.576747
-118.644834 -144.925359 64.196338
-68.465092 -82.968954 41.245508
-107.736351 -82.278862 37.691519
-168.139045 -99.366640 47.570949
-127.476659 -113.165300 50.469501
-117.913926 -125.760642 80.159750
-102.458927 -73.043786 71.563793
-130.440374 -104.642000 111.727512
-26.346719 -77.731964 54.346959
-19.758070 -92.131108 74.796562
-15.932306 -90.091949 81.544151
-0.902871 -96.198620 101.699862
-30.813872 -120.469718 133.746288
-53.645890 -97.717097 90.776094
-49.953311 -108.206440 103.462956
-59.370456 -114.547379 123.795885
-32.660494 -117.174833 132.113869
-32.403871 -116.612833 131.472209
-20.743260 -111.488507 147.501662
-47.575289 -90.481307 135.384417
-15.188422 -34.691756 52.709526
-17.354124 -53.754635 94.214286
-113.693340 -58.592894 65.112354
-124.488554 -82.353145 86.935632
-68.689522 -33.028111 50.041017
-80.793477 -36.601118 63.776673
-133.272619 -48.285327 93.275116
-127.918157 -47.177053 92.927459
-103.192883 -37.338903 77.146711
-101.428039 -36.709368 75.820262
-83.832007 -38.824942 96.299270
-99.970839 -66.967037 120.385946
-112.239004 -76.713188 138.075841
-80.787009 -42.960210 108.852828
-133.272674 -26.498907 111.136583
-117.843846 -11.297853 107.087481
-112.984915 -35.041934 136.469379
-87.979978 -4.747241 123.459623
-57.365850 -78.480906 168.962727
-62.601447 -49.562100 105.612633
-7.496075 -48.672630 117.766347
-1.723612 -16.691284 42.239005
-18.094141 -37.384138 98.992073
-18.056371 -37.324137 98.908425
-6.194003 -59.500099 182.788976
-33.802914 -28.959125 100.236124
-33.971049 -27.796296 171.143885
107.850921 -102.947220 18.483692
120.756242 -104.469994 26.414905
98.472776 -50.441310 36.862841
110.218218 -90.770764 60.408254
94.424885 -159.399338 51.691664
85.011805 -141.347963 50.643712
92.025964 -158.229977 76.606248
73.963263 -123.277553 62.024048
122.900132 -37.631510 79.550720
150.686256 -74.703338 88.890538
123.494363 -82.908140 132.049635
69.392621 -10.833516 111.758129
85.809007 -10.761801 144.878015
71.414881 -119.282393 79.926408
53.345213 -106.518726 74.485286
51.817429 -104.115149 73.770073
46.719057 -122.395562 85.803784
76.989098 -126.664118 117.815830
56.684578 -64.591751 84.451024
16.669055 -89.986296 56.810565
8.811011 -122.040368 124.770297
10.042067 -131.880257 148.800306
15.086372 -101.142910 129.568622
3.272447 -17.345728 30.128331
3.304967 -17.518207 30.431845
96.241828 -94.009539 138.760737
77.291762 -65.469778 140.509827
50.386149 -83.031061 135.812797
22.549214 -23.901504 62.195119
35.881457 -22.500528 71.314370
34.587970 -82.365472 146.261202
20.441114 -26.506974 73.283323
7.857682 -18.424643 54.015277
35.614199 -6.366023 186.189512
20.259697 -6.630867 193.012163
154.020166 14.786583 -94.472027
158.471010 16.966912 -81.299093
153.404888 -13.517136 -99.035425
178.273559 39.078103 -78.267359
138.369897 31.677019 -59.994574
131.807545 -29.054739 -65.629677
175.538420 -46.532186 -80.744227
175.927886 -46.679138 -80.864542
149.850553 -19.575529 -56.177844
138.167738 -16.457624 -42.133589
121.698632 -11.648002 -35.602751
73.135423 -19.510267 -31.390411
77.899625 -28.828476 -31.256782
185.119127 -30.074557 -35.651383
175.290915 -3.323672 -18.873298
149.920002 79.563822 -32.394233
88.228545 57.471786 6.565449
170.905971 43.993766 18.099381
100.640037 48.721339 8.443519
170.378233 60.241229 17.309436
43.376185 -12.993812 -11.513691
78.017001 -40.746718 -7.144789
158.513379 -41.093487 -11.018918
136.681573 -15.549325 0.421372
192.688187 -53.202822 -8.362302
149.440539 -57.243381 -2.358122
160.670921 -37.002015 9.593532
92.400347 -52.190505 2.591818
118.723579 -47.338166 21.110200
140.965487 -71.360590 23.755257
59.023395 -2.776940 2.473644
143.857853 40.740104 54.709131
63.166650 -17.945205 19.516382
152.277035 -43.666277 50.893535
120.374369 3.478169 66.809511
175.471957 -5.252566 97.381957
158.219071 -9.793392 116.255376
6.254518 116.353171 -85.684375
-17.830963 169.121094 -86.572153
21.994752 148.278749 -95.516448
2.335314 125.214612 -63.416655
-3.468342 102.851922 -49.628573
-9.195245 153.035891 -67.815183
-35.998000 155.045813 -78.967205
-36.777526 134.360733 -67.788014
-44.903192 146.621474 -64.503963
-47.437647 156.662645 -64.341077
-2.479145 53.692949 -21.572150
-35.219748 164.896844 -31.034464
42.207539 178.664604 -72.633303
19.776519 86.684039 -29.194551
21.643111 85.738404 -27.669920
32.391469 109.072347 -36.478559
43.889379 144.477441 -45.656569
6.097111 199.694929 -20.985483
7.568975 151.817594 -10.884204
-51.435036 183.256320 -22.698192
-59.298433 127.094286 -8.835570
-59.349724 127.290423 -8.832868
-58.191115 130.516751 -7.769243
-87.739047 155.140699 -2.533492
-49.949483 73.964883 2.029794
-63.259835 136.622527 5.738150
68.964554 168.882564 -43.847629
38.559742 102.714306 -21.405069
6.998159 55.924563 -3.630803
17.753416 128.064212 -7.914167
28.055831 156.016378 -8.510830
18.005513 156.470977 5.348118
47.064895 181.480077 12.336924
81.243021 133.347213 -18.685247
92.228238 141.197595 -5.810846
77.738931 131.286165 -3.089604
95.449606 146.925769 8.526332
35.944542 117.749563 13.973218
15.311785 125.798985 21.934978
11.441908 111.274036 22.408095
-15.471898 94.567620 30.335290
-15.760158 137.426254 46.972521
22.268224 166.057056 46.705722
22.018457 137.635172 43.477983
23.317174 111.391369 40.673625
29.352693 83.983919 30.552598
41.740793 116.754176 47.348781
-79.850131 8.929058 -51.836052
-76.496527 8.226531 -49.096840
-153.172255 8.524556 -89.600113
-90.511528 0.822891 -47.540994
-166.124935 -35.441754 -78.509173
-166.341466 -35.478805 -78.603742
-119.885009 -5.859275 -43.594971
-153.964979 29.141407 -82.666185
-95.524352 21.392575 -44.818801
-169.219415 18.815382 -75.350692
-187.490405 11.814849 -69.690658
-170.316983 57.302665 -62.285352
-173.981183 33.530182 -46.462792
-190.224675 41.160743 -37.649826
-190.988229 11.072990 -47.761318
-89.895001 -52.445909 -4.821369
-177.158428 -78.333359 -1.312903
-104.138370 -23.433082 -1.434197
-154.970070 -59.239963 7.899754
-156.347078 -59.744395 7.963848
-164.664016 -71.198034 27.090151
-77.677828 -16.484965 13.644017
-164.648828 -66.878795 43.572922
-146.876572 -62.912258 48.271840
-115.081693 50.535971 -22.678827
-146.362503 53.514721 -18.925354
-33.755092 1.805942 0.471696
-180.319096 26.351317 9.594682
-180.070487 26.302220 9.559870
-180.217146 37.308628 14.426629
-134.552855 83.105854 -10.204959
-144.196657 111.491946 -8.757917
-79.523059 60.616752 0.559120
-101.017547 77.579805 12.613523
-66.056989 20.557763 8.255229
-165.325586 47.009232 22.287053
-170.703339 41.195601 31.700589
-174.751667 -26.900100 30.626704
-132.600134 -24.043703 37.056797
-100.306595 -34.960856 32.508723
-158.219258 33.162421 55.457602
-145.580503 18.060345 61.266049
-107.267373 27.421080 44.658150
-86.832184 6.756996 43.810122
-71.571995 2.775571 50.663361
16.905076 -122.956838 -42.516859
21.837749 -127.931905 -33.546920
29.248762 -161.935346 -39.149282
-22.300774 -164.421388 -73.308466
30.454658 -171.426829 -32.167885
67.863124 -159.651321 -34.584809
84.994520 -151.263883 -38.688561
35.894853 -97.847755 -14.031170
108.597778 -164.078975 -2.973491
64.921625 -109.359407 7.392475
29.439015 -140.146714 -9.112547
24.444846 -186.454476 -5.971833
16.512906 -190.202447 -6.462207
27.602031 -106.731093 11.398354
36.704973 -183.813450 20.817806
57.612059 -131.442152 11.506026
19.358398 -55.502981 5.311671
26.221624 -106.238147 16.163006
41.109588 -168.336519 33.615165
-16.023261 -38.826946 -9.440836
-17.905500 -61.839154 -9.422130
-65.730511 -113.726051 -19.053311
-48.987905 -192.272463 -21.095005
-24.781918 -101.687111 -9.339024
-31.865285 -194.886188 -8.237355
-11.512415 -76.447578 2.843577
-48.261842 -160.275902 -0.095251
-13.027377 -100.234372 9.817190
-28.199805 -147.403342 21.247123
-115.086349 -129.883839 -4.100164
-104.173395 -119.826254 2.205432
-67.731675 -159.458016 22.206762
-71.309363 -169.786657 61.315618
22.201399 -161.707176 19.566285
12.300374 -175.472143 43.568354
34.657278 -161.355135 31.313901
32.731915 -142.204529 43.449597
33.750055 -155.911182 50.104978
23.952119 -79.318872 31.599420
23.766154 -78.861271 31.429894
-34.010177 -175.000947 34.834759
-24.764947 -126.909689 44.522936
-47.691346 -142.996399 44.582525
-29.748819 -126.627267 51.379271
-24.921246 -90.084944 45.067865
-16.720611 -94.584648 47.894210
3.000980 30.060739 -179.849014
30.855881 2.191799 -172.811485
7.715696 56.233544 -124.250446
45.070323 57.171591 -146.016218
40.583346 74.769494 -175.153557
61.694806 1.424199 -151.482670
78.584311 96.414884 -148.197704
78.503166 96.333836 -148.050527
58.897710 54.045057 -106.607945
83.316710 71.516167 -134.626216
13.475505 94.834703 -168.728499
14.752491 61.199713 -99.019207
13.594581 106.687601 -145.428437
17.769316 59.533652 -91.626151
34.115976 69.925073 -104.412681
41.902760 79.889517 -121.343129
18.149942 138.959503 -129.307895
21.225336 144.593921 -133.158603
20.897479 133.844896 -109.580753
53.515121 73.002662 -102.015345
67.683186 113.323297 -116.138498
46.747630 62.559186 -77.286223
88.067055 108.355847 -117.481199
71.089482 105.550710 -100.432451
43.694359 138.310701 -101.972401
44.668798 155.017779 -87.829016
43.174386 131.661917 -73.180699
71.652188 1.978830 -159.813475
40.848744 19.005137 -67.290931
92.124548 44.184787 -139.301248
92.660911 31.261672 -134.307618
59.892712 38.335415 -87.255944
65.490531 52.269846 -80.347102
106.969111 49.155736 -118.723143
105.867145 48.652914 -117.519121
101.163142 70.308186 -92.081258
129.462478 92.710851 -109.660172
94.665466 62.603460 -71.038277
96.163457 65.291256 -69.805578
133.193278 12.598503 -138.997474
121.638512 11.352944 -125.407300
117.472112 43.689949 -111.504640
115.020129 23.302688 -105.333463
161.183973 29.510791 -108.980207
134.082694 46.993649 -102.156925
68.761115 42.054006 -46.866498
117.139618 27.599386 -70.485233
161.601384 69.653789 -79.006696
161.394012 68.862138 -70.570221
113.533974 121.668186 -89.305099
109.535430 124.624278 -82.528586
73.611628 109.059651 -45.589193
90.051052 48.302552 -42.191498
126.578706 129.530477 -59.425132
45.267333 46.004157 -19.233649
109.279115 132.315993 -20.079170
95.176870 118.579067 -14.284622
-11.460574 22.203528 -105.723704
-3.218767 21.694375 -85.566964
-3.215814 21.711053 -85.660360
-22.107832 32.127649 -98.072638
-35.932156 60.689461 -158.570573
-39.618077 70.168002 -141.286580
-40.261029 33.307281 -91.538589
-52.343088 82.199151 -129.158083
-19.662874 1.218167 -41.947452
-67.430737 13.129579 -108.010494
-125.194719 45.718289 -131.024762
-67.900713 4.942239 -86.647738
-91.307912 7.576781 -89.735734
-80.801052 10.007250 -70.890086
-92.825517 54.360465 -113.068336
-54.723268 36.742633 -67.731029
-69.443981 43.761625 -77.906374
-59.345243 41.646222 -63.170306
-136.132107 48.299195 -107.404806
-126.042294 42.615404 -79.341305
-119.877798 68.406328 -80.936522
-22.759055 84.954814 -160.878670
-11.688540 78.632366 -129.854135
-12.792977 73.270593 -108.667006
-56.912415 65.878987 -70.199059
-15.755854 96.238445 -116.377043
-4.894235 122.796692 -145.881050
-14.098727 54.761054 -55.165165
-33.592726 117.242815 -116.167380
-33.889508 118.226322 -117.159511
-66.853509 123.980832 -93.025882
-76.833275 141.250749 -76.015605
-132.705235 101.399534 -104.774065
-64.171135 81.520255 -63.570589
-82.190309 49.680315 -49.488424
-70.683683 51.340673 -34.703466
-132.586763 90.625941 -56.038912
-97.685979 84.664113 -43.567236
-107.959811 67.999030 -27.902904
-82.369244 145.469329 -80.193969
-143.788894 107.938246 -35.549623
-104.537515 98.553640 -22.256521
-137.977851 106.943588 -22.592291
-14.207619 -43.974878 -150.951638
-16.313041 -38.655480 -115.802573
-32.546188 -65.122902 -114.614440
-38.031046 -72.831156 -123.870211
-57.970728 -8.533991 -150.733492
-73.599113 -20.173442 -151.054467
-77.735057 -50.073297 -173.392505
-49.463155 -34.334815 -101.741630
-53.316633 -35.030911 -97.271686
-62.029775 -75.089000 -109.387440
-71.205256 -72.003328 -96.631077
-14.511714 -65.695382 -120.019027
-16.473241 -75.837821 -101.192870
-12.771847 -97.603434 -124.362954
-7.070884 -65.164931 -74.555703
-33.020445 -116.521584 -98.554506
-35.821900 -104.403918 -89.203802
-55.221711 -93.442957 -99.895579
-26.770980 -35.587458 -39.095157
-65.765204 -100.764635 -93.730010
-38.294094 -154.929506 -86.953815
-69.150464 -157.541315 -69.298749
-104.384488 -20.874186 -166.188056
-89.303917 -47.775003 -124.722255
-114.048028 -73.323990 -82.404058
-136.650636 -5.910832 -142.674780
-116.217134 -54.857220 -88.208894
-110.118496 -55.929426 -78.471639
-133.618241 -73.334072 -84.804033
-153.368826 -42.779436 -80.387459
-125.988623 -49.504800 -73.113846
-165.958400 -66.963730 -90.990942
-111.568938 -103.728108 -68.802647
-86.098712 -158.047302 -67.117256
-62.567177 -123.723716 -47.404708
-84.784283 -121.737926 -48.342000
-115.493078 -59.939656 -52.871360
-96.005619 -47.782909 -34.783211
-124.291903 -125.078909 -34.713795
-40.270784 -47.749712 -8.470665
-47.971446 -38.251986 -13.621345
-123.639358 -95.536826 -23.762574
25.054078 -0.672298 -97.856156
20.753367 -5.981282 -83.292226
33.685116 -3.001696 -108.747604
54.904954 -12.255476 -137.396810
74.754590 -34.180982 -180.578609
50.197179 -29.096034 -99.502088
35.979864 -58.954527 -165.300950
48.976629 -47.618743 -105.035392
75.636832 -54.601906 -114.568633
61.257951 -85.309751 -169.967197
48.703951 -56.866382 -98.297140
96.183186 -17.355127 -172.895240
94.375244 -42.229325 -160.570247
69.574956 -31.610099 -107.371780
122.535858 -30.922779 -149.159278
81.927737 -48.410543 -117.547368
90.740434 -55.199627 -113.874706
26.179531 -19.448824 -37.533670
85.868102 -77.430653 -110.170586
23.501901 -20.217549 -24.990119
108.060477 -38.941258 -65.449044
125.583782 -52.495372 -78.654556
135.180178 -53.244971 -68.502809
17.255483 -77.121928 -148.949799
17.272709 -67.383086 -103.105148
16.127294 -110.951101 -155.819461
24.278813 -92.008508 -106.714788
72.411377 -103.792976 -133.029389
23.973516 -36.251526 -43.712072
81.152643 -145.466133 -101.417370
66.421975 -106.550533 -77.719467
55.191628 -62.843015 -50.937679
99.548109 -132.420569 -99.031011
75.636787 -100.655944 -66.246624
114.089551 -95.539849 -53.737008
86.683024 -103.117328 -59.335976
116.336340 -135.058931 -61.106794
61.905797 -113.668929 -57.472565
76.951176 -120.419447 -53.416323
126.634526 -121.359969 -53.515430
123.482739 -115.978701 -41.996827
84.244277 -77.668514 -27.109358
110.497937 -113.651345 -29.244849
136.898344 -104.985691 -38.281988
104.313646 -102.532455 -16.201299
111.808840 -114.953165 -13.600830
56.720100 0.531010 -142.398410
108.347330 1.025550 55.404280
78.437610 1.773650 80.641940
34.488440 0.813840 -26.335080
86.000140 3.445890 144.095030
180.469580 8.877170 -50.000420
70.616210 4.091400 187.459710
47.792410 3.230600 -13.856670
152.994420 10.862020 55.402920
149.611690 11.386660 23.433330
160.277610 12.808690 28.938500
36.319140 3.188850 -77.742270
16.352670 1.845170 -72.752050
38.556360 5.502930 92.813150
137.994510 22.687120 -64.521470
101.555760 17.616320 40.083620
130.277010 23.452950 111.811570
100.274010 20.291600 -111.851570
72.583680 15.554950 6.860930
30.984620 6.742270 50.383760
41.469570 9.035190 4.003480
151.131680 33.592630 -29.097780
104.911150 23.524470 49.717570
88.103150 20.773920 164.137460
105.686230 27.561470 -57.724680
41.496990 12.741020 61.811260
29.960210 9.501290 -75.674680
33.537720 10.979750 -10.788320
100.236120 34.116010 -107.866360
101.813270 37.399020 169.132570
92.299330 41.479690 89.229500
106.668980 49.703370 32.104030
84.655750 40.281600 86.248620
63.708040 30.556610 26.092700
53.869640 26.180570 121.847450
31.540830 15.395080 -10.022600
39.552560 20.098120 90.372500
93.305830 49.637350 113.343300
148.726020 79.981800 95.848060
147.526220 80.634570 63.891570
96.968270 53.727090 -139.912320
74.476340 45.229280 -27.665180
161.393930 102.425920 -48.933980
73.692100 50.200510 60.652460
93.613910 64.927190 -55.431740
65.144480 46.571850 88.563750
136.613460 102.725580 13.248550
146.214470 111.212470 -66.786870
55.384620 44.882230 8.610130
60.107410 49.495800 -128.330730
68.260550 56.781550 -143.131760
44.215650 38.181770 -80.755420
134.723830 116.443080 62.811090
54.800910 47.721640 84.270100
51.097680 44.519810 32.359310
101.310410 88.927490 -45.294430
88.099320 82.239460 82.488170
37.709080 35.278110 -104.389690
73.677280 69.027710 -22.881710
46.347860 50.168250 80.290670
74.492410 80.948360 112.858330
25.178080 27.601820 -95.337010
83.297750 92.572800 -68.994080
49.724590 57.317810 122.227460
35.960560 42.018710 -106.583370
84.244850 98.746750 102.333900
36.035590 42.271990 -106.734000
58.844100 69.732260 5.373180
28.392380 33.814990 -41.274990
72.423160 92.591980 -42.331580
18.989700 25.414260 -5.285230
81.638650 113.270870 0.978830
50.065020 73.701890 -15.331310
88.891250 135.385950 -69.582530
19.241270 33.777030 157.779640
92.296610 164.155650 -0.883920
40.317770 72.040780 -22.356490
72.811110 130.346880 105.608810
21.795240 44.328940 -6.637400
40.639660 83.772040 -156.827340
66.072630 182.741990 -31.459410
39.457040 120.727640 -38.672610
24.137210 76.367700 9.779040
32.113950 117.321500 149.908850
22.126050 83.768430 -8.729940
19.853930 77.429320 -31.095380
14.747760 60.856430 -98.187150
33.240070 142.418680 49.345370
5.789970 27.051740 -27.682200
17.126330 89.544390 94.400070
17.134870 95.091660 81.361490
21.226760 135.645630 42.982770
12.087750 86.015680 14.759930
5.942460 72.820020 98.669510
5.963050 73.760120 99.969080
4.427800 56.749350 12.608150
5.588890 82.315150 -34.087500
10.583870 160.902980 26.238460
6.774370 121.978200 -151.221270
3.829990 93.912680 -2.345320
1.679690 64.909660 -112.570940
1.991450 81.239100 30.021870
2.262890 144.243550 -36.417200
-0.199680 140.484190 -84.507350
-4.035230 143.451510 27.241810
-4.284410 147.070280 40.919970
-1.198020 26.792220 -98.391520
-5.109980 107.229730 19.544030
-10.162050 176.129830 33.103140
-13.484060 187.611160 40.915640
-14.433330 191.187730 17.111980
-17.586410 173.288630 27.298770
-5.271460 40.881260 -2.026070
-23.947790 168.808980 54.674410
-29.718510 184.078110 -65.136780
-28.547860 156.848080 70.839610
-4.943230 24.767310 -7.584850
-34.445690 172.034510 40.169000
-6.486700 31.716040 175.776240
-24.526420 118.592590 115.233150
-25.763890 122.170680 95.861630
-28.026200 122.516500 136.523280
-19.624150 84.495350 -7.854220
-11.922790 49.594700 91.536600
-37.231570 151.263110 73.887780
-38.886390 152.897100 93.884270
-35.449430 128.603790 150.139590
-45.626390 160.418020 93.734790
-34.700640 121.340610 -120.020950
-43.617740 151.377050 -29.222590
-14.814140 46.962650 39.211620
-27.412710 82.987750 -174.111840
-37.261390 108.467560 124.026530
-35.013080 101.212240 54.904740
-33.031020 93.937010 -106.703750
-58.883920 161.512580 69.395130
-14.095490 35.148560 3.463580
-66.806910 166.445830 72.622980
-46.331000 113.591170 -7.069520
-51.255460 125.509700 -79.053250
-58.157310 141.957430 95.060080
-37.747460 88.975520 70.815530
-37.396460 88.141150 70.125500
-62.284570 144.954410 119.016580
-53.119380 121.300110 82.387370
-41.256260 89.818660 -38.386540
-14.693120 31.761700 3.200240
-26.218890 53.360480 3.690990
-40.554650 81.951800 48.671710
-55.945020 112.720640 -85.432290
-75.073300 141.532260 -39.642220
-69.402560 130.169330 -102.165180
-75.460390 133.636540 -103.330480
-31.924620 56.305190 56.870600
-93.790370 150.762420 -80.185490
-51.200160 81.138580 -175.259830
-69.229100 100.354110 -27.323440
-25.159140 36.427440 -190.541330
-93.235800 133.075000 83.570220
-97.192240 128.547540 112.910640
-64.126640 82.354790 36.745230
-33.539700 41.261680 127.085270
-114.547060 137.567040 -74.742910
-87.040040 99.788900 -129.999360
-74.292980 79.254660 58.567300
-119.300310 125.388130 -16.465380
-116.288120 119.291730 34.339150
-68.358820 68.833180 107.898780
-84.966770 84.493910 107.073650
-116.919240 108.219920 106.984300
-70.200110 61.921110 171.853840
-26.422380 23.298580 46.220100
-134.569820 118.124350 13.912770
-115.261790 98.537770 82.541810
-136.967430 105.909830 -8.373880
-113.825850 86.790580 -122.109220
-77.581090 58.821190 -23.353510
-66.939350 50.050960 105.747200
-74.508510 54.303480 66.519750
-113.185720 77.615800 -60.861670
-110.826040 75.156480 123.528700
-103.622060 69.942080 63.614540
-107.152670 69.194550 132.181190
-41.414920 24.849070 93.930730
-110.883080 63.367880 79.567420
-87.846290 49.517790 112.345390
-28.184150 14.458420 37.028320
-109.793930 55.895620 -5.777210
-145.125880 73.836790 -54.854440
-70.010780 35.559040 -5.140730
-120.149590 58.104700 -28.275160
-99.752120 46.228800 -48.134940
-40.803710 18.082760 -155.971650
-65.157690 27.347670 1.037300
-66.131020 27.180870 105.924040
-103.619810 37.848150 -85.941600
-122.998220 44.066730 -98.081450
-103.164810 34.840040 86.650690
-103.333190 27.946150 91.200370
-59.314450 15.873580 25.852500
-19.980000 5.043050 14.955040
-34.164830 8.284860 33.392100
-171.773170 40.082130 -61.740650
-120.020490 25.881070 116.176970
-164.422010 33.371080 62.807420
-149.091990 29.435650 -49.805940
-132.977190 26.240870 -44.419780
-121.591720 20.650620 -45.998910
-64.353500 9.999270 -120.686840
-129.630680 16.665250 -18.589980
-136.490160 13.692650 78.559550
-79.222940 6.565420 54.027740
-41.148510 3.022060 -33.930180
-69.994900 4.122340 -59.885630
-106.339260 5.080110 27.675460
-109.148530 4.433790 3.365620
-71.876790 2.202470 55.616230
-193.995000 5.699900 -25.118110
-125.516000 -0.405750 -23.140840
-25.892620 -0.543920 -48.712370
-84.655530 -2.542710 -178.474910
-135.576680 -4.979440 -62.483210
-79.883780 -8.044840 164.839530
-49.736770 -5.129510 118.878810
-83.572790 -9.106600 -27.708750
-129.376290 -16.435660 19.317520
-133.601660 -18.338810 20.902120
-173.843530 -24.486610 -50.991500
-62.662130 -9.292930 55.764810
-130.409730 -20.639440 -136.433530
-58.854150 -9.814560 -76.374180
-138.695510 -23.753760 29.130840
-55.485970 -9.976370 -53.622820
-114.886220 -21.117020 -2.955520
-90.398040 -17.670850 116.878720
-150.185490 -32.460370 71.128770
-40.418900 -8.784280 93.384430
-69.608920 -16.704500 -23.307470
-152.352010 -39.167670 111.070110
-156.884800 -42.352800 -112.130220
-110.195000 -29.927120 25.054830
-39.976630 -11.364520 20.088570
-92.851810 -27.045350 -125.775870
-168.569410 -50.137920 66.557490
-162.110120 -51.103750 53.688710
-76.760720 -24.894140 42.687260
-88.582920 -29.747950 -156.154390
-163.591620 -56.948840 28.751530
-76.511720 -27.246570 -26.878000
-67.635240 -24.537360 79.287180
-135.625690 -49.764160 -107.730820
-148.905200 -56.094530 -67.385700
-153.444170 -58.553520 91.929720
-128.583100 -52.180360 -5.719720
-69.575070 -28.817670 13.790400
-158.678400 -65.911220 -25.908660
-133.719350 -62.438800 -10.801510
-113.049980 -55.802010 40.441970
-145.650890 -72.370990 -105.796130
-46.655030 -23.192650 13.854940
-132.961430 -67.209080 46.850850
-43.128260 -22.702480 21.472580
-156.840970 -82.814300 -80.419040
-94.876710 -51.881420 35.967090
-41.853880 -23.567640 88.439710
-143.178020 -85.638680 31.785590
-123.588080 -76.242040 -106.942880
-23.429290 -14.670990 166.932290
-160.512610 -105.758100 -23.462140
-88.234480 -59.325310 36.989380
-133.382900 -92.543870 -78.533780
-76.238090 -54.167650 -27.274260
-139.371860 -100.568770 3.724870
-72.338710 -53.136420 114.269250
-120.632430 -89.039180 65.557730
-118.286270 -87.349690 64.304050
-25.258370 -19.271640 196.372530
-4.722640 -3.614510 -11.512190
-83.567580 -64.716230 -23.038000
-107.328260 -85.894140 78.553320
-126.386090 -102.353970 27.935440
-4.951810 -4.139730 -11.566740
-4.952030 -4.140840 -11.566250
-53.198520 -45.639740 -150.145380
-137.713110 -118.724460 -18.014630
-144.217260 -129.022510 9.136530
-30.898580 -28.196830 -20.503080
-26.758930 -24.422170 -17.752480
-122.348770 -112.371060 73.656170
-46.503210 -43.133970 21.964420
-79.064860 -74.634780 37.762410
-67.611810 -64.081570 40.612690
-67.140140 -63.985470 26.771800
-39.440340 -38.569740 -21.631680
-38.870910 -38.020930 -21.325900
-58.291230 -58.764360 84.012160
-58.581890 -60.551340 92.442090
-61.204330 -63.549880 155.215890
-121.387520 -129.378890 82.234440
-119.733940 -145.337180 -15.737870
-97.488620 -119.538380 90.093160
-88.383830 -114.324150 -17.674980
-13.107090 -18.005420 -128.964140
-70.608570 -101.961870 -122.565240
-18.330980 -26.492110 129.141220
-55.649520 -81.052920 -34.761750
-81.875230 -121.419670 6.432810
-66.170100 -100.393730 15.516180
-81.095960 -124.176720 -28.550970
-61.847020 -99.628330 107.270310
-28.691570 -47.348690 -110.706370
-55.625500 -92.992260 30.380140
-71.455940 -125.078160 94.636010
-60.491520 -123.507430 -20.233080
-27.949950 -59.978900 -50.828440
-61.261340 -136.197200 -68.719930
-41.634620 -93.036090 -83.217190
-40.271740 -90.474660 -80.748900
-21.742860 -48.924510 60.202000
-49.963430 -112.850480 -117.768300
-60.806910 -151.938050 36.619310
-34.774470 -91.014650 -3.955140
-30.731520 -85.931390 56.150320
-53.658360 -167.041060 -49.444840
-48.421630 -153.956800 -110.066160
-4.825540 -16.431500 -32.757550
-5.411990 -18.430270 -36.747550
-17.030550 -58.887240 -8.982480
-42.877480 -148.634080 -96.918550
-17.676320 -61.673240 138.433160
-33.347390 -117.865780 -99.525320
-38.821780 -142.154270 -121.727340
-25.323800 -103.600590 -9.455490
-11.027050 -45.360640 -31.212190
-11.763010 -52.544680 51.422120
-21.219310 -99.553540 -3.290930
-8.661440 -40.864150 42.754530
-40.608090 -194.611360 -17.831420
-37.182850 -181.440410 -27.418220
-10.270460 -52.047980 -26.569550
-10.140270 -52.439150 -26.683260
-17.728450 -94.257820 -13.268470
-34.823450 -189.561720 -5.994500
-9.976480 -55.106030 -39.198030
-10.738040 -59.476840 -63.992840
-20.645690 -119.090330 76.904920
-27.413370 -159.562450 -62.514070
-4.228740 -30.736680 -33.149750
-8.184640 -61.349560 28.407560
-21.046300 -162.028810 -3.031470
-15.870670 -144.532420 32.394540
-7.284440 -66.495560 125.146350
-7.114090 -66.498640 124.110430
-3.630420 -36.150310 -35.478850
-7.382470 -76.283080 25.779690
-9.911400 -109.341010 6.821250
-14.708110 -198.077410 20.137990
-11.849390 -163.604710 -65.221040
-4.825920 -68.723960 65.100360
-6.625580 -95.619710 -121.951400
-7.458910 -123.818170 -77.822500
-6.675580 -111.055180 -69.796780
-4.344060 -73.437000 38.656550
-1.843760 -31.428750 -49.075350
-0.173730 -18.166130 1.491230
1.732920 -77.460960 -4.103050
1.208620 -50.770620 2.217410
3.961210 -141.917600 -103.224270
4.128320 -134.627560 79.535850
3.623780 -86.248630 68.561970
3.763500 -82.591980 -155.508480
5.127180 -95.004360 -90.113070
2.194340 -23.816560 76.945360
17.194560 -184.389380 -9.377480
16.648360 -107.212300 111.352330
9.605650 -59.080090 48.097310
20.621410 -120.355620 -47.000310
35.600210 -176.310810 67.416030
5.858830 -26.524540 -12.001230
32.896520 -147.313320 -76.655400
30.749820 -121.018320 80.782000
39.457590 -132.318840 -104.288150
38.534970 -128.292410 -103.945900
18.134100 -56.762320 -66.363010
31.645800 -97.045100 5.146590
57.631230 -170.625390 63.131010
36.809290 -105.827720 -115.580060
53.717730 -144.643610 -107.973220
53.794240 -138.385270 31.408450
56.500260 -144.360120 8.435840
47.921780 -107.077510 140.907660
30.648270 -62.872700 -159.294260
23.554680 -44.873000 7.907490
87.899940 -167.021890 34.693790
65.638540 -119.256470 15.285340
50.941980 -85.964620 -119.297780
13.137720 -20.877130 -55.879910
20.208300 -31.455450 165.081110
76.493070 -118.981780 -82.386540
26.321660 -40.843630 -35.434340
44.179510 -65.938630 -40.499030
38.996230 -56.994100 161.542690
87.849560 -110.081980 65.865330
106.875790 -127.789730 14.492870
58.579590 -68.677250 -57.363070
44.452400 -50.559240 125.759330
87.993220 -99.374730 -62.660310
37.362910 -39.874430 -16.679980
89.076830 -91.103210 52.419570
82.770070 -82.705740 98.427100
19.793560 -18.636360 21.818920
19.862730 -18.697890 21.887420
42.082270 -38.773260 -189.203590
136.609620 -120.352590 32.125490
52.761110 -44.832010 133.487780
123.239600 -103.630040 -79.765640
30.257990 -23.972860 -84.186480
127.569940 -100.314740 -19.478800
50.622570 -38.979860 20.320600
65.148460 -49.401040 -14.108780
89.752280 -65.906130 140.173870
95.973670 -68.453300 61.953180
143.598660 -96.383230 45.603690
106.713310 -70.970060 -50.634080
83.142930 -54.720520 -157.468320
95.344050 -62.486060 -32.961960
91.032460 -58.969030 -117.555270
42.182260 -27.107220 -155.263370
68.084470 -38.827320 42.214200
135.016780 -76.530870 45.875940
17.325890 -9.667150 -30.303070
93.353680 -50.154910 50.195650
136.709510 -71.055560 -98.338200
73.828620 -35.111590 -110.996300
119.443310 -53.501550 83.248430
43.353760 -18.864670 -176.631800
19.680330 -8.354700 33.814860
141.372060 -53.209800 123.993430
51.475530 -19.119060 -119.818250
118.578380 -40.209260 -5.809810
151.227850 -50.092160 34.364740
34.787810 -11.500100 35.797330
133.791530 -41.976600 -17.440980
137.225990 -42.853870 100.125720
62.353830 -17.761700 -39.832600
140.535220 -39.326500 55.344290
64.505170 -17.994760 -38.077570
25.815320 -6.213530 -19.187730
45.178340 -10.711090 -12.330130
74.360650 -17.399070 -48.219360
34.756010 -7.184510 55.004210
107.128840 -19.669660 -50.786480
103.456640 -17.487180 32.660900
57.677800 -7.115250 21.080090
30.081860 -2.718150 137.747510
135.954940 -11.923990 13.444900
144.006180 -10.167550 92.134500
89.365490 -5.416510 158.019920
108.798670 -5.677000 125.399170
27.171750 -0.898770 105.461330
166.648660 -1.058660 22.409770
120.231410 -0.668790 127.718600
